-0.04697800197560398 0.021903668140900143 -0.016764645443549983 0.051446582241059836 0.029197713821344482 -0.057569201581977494 -0.047375662346549344 -0.05793486699769571 0.005400346350000053 -0.03418875714746577 
-0.034547927463841395 -0.022747236711170078 0.022460804755127087 -0.03737550652068847 0.013903338915758881 -0.027277558449811116 -0.026064821086069955 0.00043952438396131695 0.09563637834559716 0.04393926309055612 
-0.013772328422034057 -0.021626589901599505 -0.0043949301342815685 -0.0025272656088368463 -0.02504004537894838 0.09550210952743665 -0.017319445853849612 0.09048798471688889 -0.03448722886141329 -0.028321574834072574 
-0.0492997889783242 0.11845146597786765 0.03000532306259111 -0.10037035568951923 0.027656706730700992 -0.07933787055727998 -0.05963842274340367 0.012992304893630895 0.07063044658877114 0.002466655822642196 
0.03469120224027444 -0.02851254272015098 0.03674974933646074 0.008204338196352561 -0.038377884633954654 0.09261389328717917 0.01703426316513467 -0.013066852892235688 -0.006012999750678461 -0.008902307384188048 
0.014829264956054524 -0.02364919175435125 0.0162322081497663 0.010801202004433618 -0.012204872038079748 -0.02951222467181473 0.06661173985172178 -0.046531820913481466 -0.005510788366617938 -0.0035477842768611013 
-0.023474086125899588 -0.024778172510751758 0.018242999764349527 -0.054701911677199816 0.012621793150167565 -0.036719971768402 -0.022939794974601305 -0.022296864533695334 0.03453466869814174 -0.008132564769024355 
-0.02811629295456213 -0.025313222486839558 0.014094081175922564 -0.03386183030936998 0.03905356201237212 -0.02194600520665665 -0.019041285569053212 -0.02227717468087168 0.10093866295004914 0.040131677785385275 
0.08817889929560012 -0.03069643918708687 -0.04944437656331289 -0.08232102928124646 -0.049299682162927426 0.050410389164013025 0.08599999797886057 0.03341488464388372 -0.07729119440846999 0.04472306526880205 
0.011043340814999478 -0.020650011552182254 -0.02884833362106441 0.10413705169933403 0.012813920496339773 0.06708971219408497 0.01698524707582242 0.05379198630734425 -0.07295999440431802 -0.04259487818974207 
